------------------------
res = 4.5164696124075575e-5
p = 11:  q = 23
[0.018348302363800438, 0.09110263161063333, 0.20568489721384803, 0.34441097838267304, 0.4899213291376994, 0.6171264409259647, 1.887115660328933, 0.017463155648553892, 1.7547634035769915, 0.016293970292205494, 1.5744251854316555, 0.015131169028545775, 1.357344910694593, 0.014277179346633492, 1.117431839146784, 0.013365948607349831, 1.6952452834202851, 0.0850982327083367, 1.5252965650567827, 0.07893163584787329, 1.3174439233321573, 0.07425749541076614, 1.0862361191930932, 0.06952517899386, 1.4372841093512807, 0.19050349638471023, 1.2469610987361137, 0.17827272767385496, 1.0317872655044444, 0.16682508174741464, 1.1476668054226227, 0.319895035793275, 0.9570142930448147, 0.298584839031383, 0.8657013278912683, 0.4541353581809008]
[0.0022036243421084474, 0.010373601093852748, 0.020739427947771723, 0.029047357660041056, 0.031202704556148018, 0.023863981169236312, 0.0047552477129182615, 0.006636582620078268, 0.007810382839621077, 0.008455989965003793, 0.0084450595225533, 0.014604963781189046, 0.017253907867265193, 0.018642806204075452, 0.01867058637703387, 0.02459111692971882, 0.02645034983188012, 0.026567627776377396, 0.030807213337871547, 0.030842737699503388, 0.03008341214369009]
TriSymCub{Float64}(36, 21, 108, false, false, false, 0, 6, 15, [0, 6, 15], [0.018348302363800438, 0.09110263161063333, 0.20568489721384803, 0.34441097838267304, 0.4899213291376994, 0.6171264409259647, 1.887115660328933, 0.017463155648553892, 1.7547634035769915, 0.016293970292205494, 1.5744251854316555, 0.015131169028545775, 1.357344910694593, 0.014277179346633492, 1.117431839146784, 0.013365948607349831, 1.6952452834202851, 0.0850982327083367, 1.5252965650567827, 0.07893163584787329, 1.3174439233321573, 0.07425749541076614, 1.0862361191930932, 0.06952517899386, 1.4372841093512807, 0.19050349638471023, 1.2469610987361137, 0.17827272767385496, 1.0317872655044444, 0.16682508174741464, 1.1476668054226227, 0.319895035793275, 0.9570142930448147, 0.298584839031383, 0.8657013278912683, 0.4541353581809008], [0.0022036243421084474, 0.010373601093852748, 0.020739427947771723, 0.029047357660041056, 0.031202704556148018, 0.023863981169236312, 0.0047552477129182615, 0.006636582620078268, 0.007810382839621077, 0.008455989965003793, 0.0084450595225533, 0.014604963781189046, 0.017253907867265193, 0.018642806204075452, 0.01867058637703387, 0.02459111692971882, 0.02645034983188012, 0.026567627776377396, 0.030807213337871547, 0.030842737699503388, 0.03008341214369009])

mindist = 0.04873504362449933

minweight = 0.0022036243421084474
Success: All interior nodes are in the interior of the domain.
------------------------

